function Qu = g2_Qu(in1,in2,in3,in4,in5,in6)
%G2_QU
%    QU = G2_QU(IN1,IN2,IN3,IN4,IN5,IN6)

%    This function was generated by the Symbolic Math Toolbox version 8.5.
%    26-Jun-2021 00:44:54

R1_1 = in4(1);
R1_2 = in4(3);
R2_1 = in4(2);
R2_2 = in4(4);
p3 = in2(:,3);
p4 = in2(:,4);
u1 = in6(1,:);
u2 = in6(2,:);
t2 = p3.*1.436800081159664e-2;
Qu = [p4.*(-1.436800081159664e-2)+t2+R1_1.*u1+R2_1.*u2,p4.*6.026032949292437e-1-t2+R1_2.*u1+R2_2.*u2];
